.Random.seed <-
c(403L, 262L, 220969692L, -82450942L, 177147065L, 1642832861L, 
-313787955L, -1842278868L, 1536353960L, -489072899L, 87720805L, 
-1848684923L, 1355159287L, 82273033L, -1074618735L, 1820500940L, 
-603334256L, 811846612L, 1213249572L, -632914361L, 910959764L, 
625665370L, -936355046L, 642388522L, -90050999L, -1460555948L, 
2043262253L, -484240835L, -1852673639L, 78891667L, -1225538204L, 
-43839864L, 1816735777L, 1112534240L, -488053686L, 1787794863L, 
-1820094333L, 2029965519L, -561096622L, 1554039809L, -1021852609L, 
-1724101622L, -1869521512L, -1279597991L, -257070542L, -1972756779L, 
-1086627102L, -151403409L, -896892163L, 1925245012L, -467143767L, 
908448036L, 981802179L, 157249466L, -364726927L, 1126730014L, 
-1279941648L, 888410232L, -1786394143L, -1765862566L, 387258510L, 
1569054811L, -1878593363L, 437563724L, 562295370L, -2119424675L, 
193995850L, -1180661075L, 1165154285L, 1080729629L, 796036662L, 
1205155645L, -1350220524L, 965809243L, 1782406362L, 77914222L, 
-129599320L, 1215868340L, -580654775L, 1842536503L, -115962617L, 
-249000690L, -981226632L, -1905964701L, -1888441741L, 1885064144L, 
1900243740L, 369616428L, 1503518840L, -144353337L, -1518033754L, 
-1213861877L, 1216556127L, 268514230L, 2118094048L, -1483259752L, 
-1434613297L, -647152713L, 918507202L, -1321308413L, -479958348L, 
-789646818L, -2055625056L, -343181218L, 1619235532L, 448873878L, 
-1316028353L, -1580704397L, -413301662L, 424175129L, 1547193535L, 
-178203867L, -1118728287L, -1425347197L, -498017538L, 1363682731L, 
-1788060777L, -1165645059L, -1684126133L, 148598587L, 532487497L, 
1444386504L, 1727281347L, 1894468044L, -1847002148L, 650227469L, 
187938696L, 1664781596L, -1662391071L, 701839266L, -1439348943L, 
1886948832L, 812069150L, 1560421568L, 1685199599L, 302008719L, 
238049810L, -1974120736L, -38092850L, -689451324L, -1646959861L, 
-1894177171L, -562321150L, 496792730L, -736139469L, -781058721L, 
-662815785L, -1239191372L, 2100921089L, -898689174L, -620246339L, 
2082457263L, 1829787697L, -5578082L, 1676207151L, -347200539L, 
232017763L, -898390385L, 127765441L, 238361060L, 1663866686L, 
1993322L, -1667108044L, -1076444086L, -938487158L, 1064934117L, 
-856614271L, -314271932L, -1212564353L, -497977151L, 280925543L, 
307115529L, -625227347L, -1569692654L, -1711499029L, -1931054011L, 
26329140L, -442107608L, 2084246811L, -157201274L, 2016444345L, 
591540767L, 1037025037L, 822265697L, 1339675335L, -310034865L, 
20369545L, -247508905L, 698443768L, -384507945L, -223564105L, 
1033794704L, -1605830334L, 244170125L, 1503595245L, 726598298L, 
918414557L, 605665866L, -2045370335L, 1441440695L, -721605940L, 
-1680564604L, 946122623L, 1188950112L, 699963958L, -779691614L, 
168328949L, -195266188L, -1094384276L, 964280118L, -1363415170L, 
328338108L, 1015401142L, 1402034962L, -599500845L, 49595653L, 
537875010L, -154543681L, -883886149L, -2068323309L, 1008879453L, 
-861213499L, -1021351163L, -663245769L, -183529373L, 697984647L, 
1743284068L, 1255307063L, -979532564L, 696724684L, 2104451456L, 
-983737558L, -304287433L, 474521240L, 602582287L, 634781465L, 
780706602L, -1533466124L, 562023958L, 1705591191L, -1334070048L, 
201770612L, -634411618L, -1614103493L, 2054592191L, -723025195L, 
-1480891110L, -1152045195L, 1379831876L, -1717801345L, -172512716L, 
1630292506L, 1878015578L, -1486827889L, 1462145606L, -708954068L, 
1879668099L, 1036237365L, 1379487460L, 1649865169L, -1443907589L, 
407931973L, -2063944432L, 1244454531L, 1135262277L, 396385050L, 
-1201316421L, -2012413390L, 385858836L, -1939976833L, -1377154315L, 
147038217L, -122359955L, -320006846L, -1346412185L, -1742795914L, 
490187988L, -985906336L, 1739211949L, 185992091L, 2101720693L, 
-904085170L, 1900459762L, -1439394586L, -723723739L, -575549308L, 
-1626644019L, -15003902L, 1741902576L, 441926071L, -1372313483L, 
193996847L, 1654429568L, -1139977020L, 1467855685L, 1309746685L, 
-1330800157L, 541566237L, -1889860896L, -804073894L, 1737249123L, 
43661655L, 1689386962L, 689152764L, 1026337187L, -367388371L, 
1239494982L, -486564457L, -1075524042L, 459625422L, -295800940L, 
1807315512L, 1812292474L, -128576613L, -1120058323L, -2021482612L, 
-2122206229L, 794432943L, -1240122333L, 2009017036L, -1909673530L, 
-84263801L, 2123433743L, 1290979240L, -545206809L, -347424969L, 
319276764L, -1034771886L, -267510551L, -2144217213L, 1613926783L, 
-1639873566L, 9082952L, -1718582258L, -399666241L, -1983456266L, 
1895782136L, -747177954L, 1455316416L, -1913645646L, 1885817647L, 
-934073619L, 950830747L, -701096065L, -1157617983L, -1645864811L, 
-1980818270L, -646006593L, 660268605L, -742123073L, -302743123L, 
-1673806456L, -947752202L, 1359628647L, -1770063159L, 1436140858L, 
1024418615L, -170689265L, 2137616214L, 640824806L, -1618974848L, 
666368568L, 136607207L, -1584146755L, -722859567L, -587694728L, 
545494653L, 1975139659L, -116738832L, 564457150L, 656020397L, 
726132700L, 407771314L, 519221447L, -971439770L, 1338093385L, 
987384511L, -1890035022L, -1334284416L, 1996379544L, 1982413146L, 
1994326925L, 423208014L, 80369790L, -85459366L, 723969921L, -352893279L, 
539452949L, 1258399969L, -1630377091L, 1527121454L, 1354565561L, 
2634078L, 1428588812L, 446199637L, -793394716L, 1548832319L, 
-1978278604L, 274663464L, -2064976387L, 927816531L, 637338593L, 
-1826842298L, -882013594L, 2097506262L, -1032719959L, 810286113L, 
-332689717L, -1095248855L, -1154413908L, 1658114381L, -1139063518L, 
-1204907867L, 798244277L, -1551819599L, -27582990L, -38831252L, 
-1883472381L, -2020333409L, -1188345601L, -686736409L, -609353531L, 
1685044518L, -1356821842L, 153271624L, 652211515L, -432851994L, 
1480675416L, -564516025L, -780898045L, -1275442151L, -1103122060L, 
-1258800791L, 1487367343L, -1083231222L, -953636327L, -1111234453L, 
-1201603147L, 1236037038L, -1082271912L, -1287534502L, -662033756L, 
-603412777L, 55714744L, 1309890163L, -627760421L, -1436543241L, 
1824821894L, -534448827L, 1036523532L, -427068914L, 93232221L, 
-997331868L, -1444910269L, -1131107279L, -720078356L, 1613485349L, 
-1089435419L, 1682710273L, 1140452725L, 852109466L, 1986425732L, 
2078395635L, -641107088L, -423428650L, 132264574L, 2121227043L, 
-1052600497L, -1089769423L, 1477450305L, -1722561761L, -565770802L, 
1957612528L, 1702756089L, 1963882880L, 1597518193L, -523512893L, 
662027837L, 300078999L, 1891700682L, -2062726874L, 873344187L, 
-1057425434L, -984177551L, 1520430663L, -941859760L, 190996147L, 
509328527L, -1408719897L, -745592198L, 946272891L, -223830036L, 
1747201467L, 1079342837L, 387372605L, -1010910990L, -824223081L, 
-1964198250L, -1862083710L, -133212644L, 1173478216L, -843932488L, 
2123176373L, -1755571823L, 1714124610L, 311795831L, 1337130977L, 
1033621118L, -931557953L, 204637816L, 1415767485L, -211775563L, 
1839855261L, -1204422686L, -1549688392L, -1904258447L, -322984757L, 
-1539996890L, -2088692035L, 1042678754L, -89868736L, 2002525165L, 
-1287087036L, 1446785062L, 464306263L, 1425258521L, 1630195355L, 
741036996L, 257672142L, 1932666332L, 730004432L, 1602893508L, 
-1788047941L, 1895727918L, 1290994356L, -1359658815L, 688436068L, 
1156597773L, -88477818L, 837385234L, -2000295190L, 1825352774L, 
-2001890188L, 1087775678L, 758033210L, 1083705097L, -1008015956L, 
1778551968L, -1374674465L, -1540424444L, 1597673838L, 1150163258L, 
699475726L, 872973764L, 1988851796L, 572750809L, -1837812570L, 
1568292452L, -1122460404L, -866621907L, 187808676L, 359201008L, 
1214596587L, -1969167061L, 1525409137L, -486248902L, 320245765L, 
-1547601356L, 1744005686L, -730665437L, 161781233L, 1583727645L, 
-792202227L, -1599194877L, -1030330091L, 1071316678L, 1894350036L, 
-1732983765L, 1467662853L, 1323261363L, 1764983064L, -1677009588L, 
1120075243L, -1630841646L, -2090945352L, -163796584L, -937431789L, 
-999131101L, 786178762L, 1919416800L, 1503151483L, -1011540838L, 
453960345L, -152256029L, -518643125L, -170623146L, -1498372188L, 
